@ 25348 44012 63762 50176  0  0 
@ 13746 9110 40303 59904  0  0 
@ 5542 60806 40303 59904  0  0 
@ 3090 29146 17380 63360  0  0 
@ 63763 55296 58213 62037  0  0 
@ 35433 59648 738 62934  0  0 
@ 52371 44032 17380 63360  0  0 
@ 15613 63488 40303 59904  0  0 
@ 29360 31232 63762 50432  0  0 
@ 12452 11776 17380 62976  0  0 
@ 31027 60160 738 62976  0  0 
@ 40303 60928 40303 60080  0  0 
@ 49292 37632 40303 60080  0  0 
@ 17921 6912 63762 50384  0  0 
@ 28801 28928 28801 30350  0  0 
@ 26697 43008 63762 50384  0  0 
@ 5542 60416 17380 63290  0  0 
@ 3090 28672 2251 56726  0  0 
@ 36313 32256 738 62933  0  0 
@ 47554 31232 738 62933  0  0 
@ 43268 3584 43268 2198  0  0 
@ 61294 41984 40303 60083  0  0 
@ 51088 57856 52938 20900  0  0 
@ 56212 1536 17380 63288  0  0 
@ 54976 19968 17380 63288  0  0 
@ 22266 27648 63762 50387  0  0 
@ 30581 47616 63762 50387  0  0 
@ 26697 43520 63762 50387  0  0 
@ 10311 4096 40303 60083  0  0 
@ 8553 8704 40303 60083  0  0 
@ 7767 53248 40303 60083  0  0 
@ 306 30720 40303 60083  0  0 
@ 45120 51108 738 62976  0  0 
@ 61294 42659 17380 62464  0  0 
@ 23262 9956 63762 50688  0  0 
@ 24782 21589 63762 50688  0  0 
@ 58375 48206 17380 62976  0  0 
@ 10311 5070 40303 60160  0  0 
@ 47838 45568 738 62464  0  0 
@ 28398 63488 63762 50432  0  0 
@ 2377 25600 40303 60160  0  0 
@ 55636 1024 17380 63360  0  0 
@ 19045 52400 63762 50176  0  0 
@ 37011 61053 738 61440  0  0 
@ 36593 11454 63762 49152  0  0 
@ 48546 22220 738 61440  0  0 
@ 41766 15410 738 61440  0  0 
@ 64080 39217 17380 61440  0  0 
@ 52371 44909 17380 61440  0  0 
@ 17380 61690 63762 49152  0  0 
@ 21561 51327 63762 49152  0  0 
@ 22963 54244 63762 49152  0  0 
@ 27297 48583 63762 49152  0  0 
@ 11408 40424 40303 60416  0  0 
@ 5542 60841 17380 61440  0  0 
@ 1455 7034 40303 60416  0  0 
@ 46169 20728 738 62976  0  0 
@ 64080 39268 17380 62464  0  0 
@ 52099 17896 40303 59392  0  0 
@ 31027 59978 63762 50688  0  0 
@ 15129 2534 10227 0  0  0 
@ 7343 55634 17380 62464  0  0 
@ 33873 2048 738 62933  0  0 
@ 51088 57344 52622 40849  0  0 
@ 33873 3584 738 62934  0  0 
@ 17821 35328 17821 34998  0  0 
@ 1592 51712 40303 60080  0  0 
@ 56212 0 17380 62976  0  0 
@ 38325 38007 738 63488  0  0 
@ 53836 55105 17380 63488  0  0 
@ 27297 48633 738 63488  0  0 
@ 7343 55624 40303 57344  0  0 
@ 42479 39408 63762 50688  0  0 
@ 17821 34968 63762 50688  0  0 
@ 736 6692 40303 59392  0  0 
@ 62245 38322 17380 61440  0  0 
@ 50625 36224 17380 61440  0  0 
@ 17921 6832 17380 61440  0  0 
@ 5902 43082 40303 60416  0  0 
@ 7767 53248 40303 60083  0  0 
@ 34900 10892 738 63488  0  0 
@ 22963 54270 63762 51200  0  0 
@ 13216 55504 40226 53248  0  0 
@ 57668 43020 17380 61440  0  0 
@ 16032 9656 40303 60416  0  0 
@ 23262 8192 63762 50388  0  0 
@ 53836 55152 40303 60416  0  0 
@ 33084 26824 738 63488  0  0 
@ 23262 9984 63762 0  0  0 
@ 21561 51712 63762 32768  0  0 
@ 53596 42880 17381 0  0  0 
@ 47040 23552 739 0  0  0 
@ 63763 55296 65087 0  0  0 
@ 48546 22272 738 62720  0  0 
@ 48882 38400 738 0  0  0 
@ 41320 34560 738 0  0  0 
@ 11017 50176 40303 0  0  0 
@ 4012 38912 40303 60032  0  0 
@ 40683 14848 738 0  0  0 
@ 41320 33792 738 0  0  0 
@ 19045 52736 63762 0  0  0 
@ 5542 60928 40303 0  0  0 
@ 39887 24576 63762 50304  0  0 
@ 23262 8192 63762 50304  0  0 
@ 43714 47872 739 0  0  0 
@ 57668 43264 17381 0  0  0 
@ 57197 48640 17381 0  0  0 
@ 21561 51456 63763 0  0  0 
@ 30581 47104 63763 0  0  0 
@ 13890 55552 40302 0  0  0 
@ 6568 13568 40302 0  0  0 
@ 42970 23552 738 0  0  0 
@ 27785 37888 63762 0  0  0 
@ 61294 41984 40302 0  0  0 
@ 53208 52224 17381 0  0  0 
@ 57197 48640 17382 0  0  0 
@ 28801 28928 63760 0  0  0 
@ 38765 48128 739 0  0  0 
@ 47554 31232 739 0  0  0 
@ 62738 55808 739 0  0  0 
@ 63763 55808 63763 0  0  0 
@ 59345 64512 17381 0  0  0 
@ 55636 1536 17381 0  0  0 
@ 17380 61952 63763 0  0  0 
@ 32033 46592 63763 0  0  0 
@ 15129 2560 40302 0  0  0 
@ 9750 59904 40302 0  0  0 
@ 5902 43520 40302 0  0  0 
@ 62738 55296 736 0  0  0 
@ 56212 1280 17382 0  0  0 
@ 54976 19456 17382 0  0  0 
@ 30581 47104 736 0  0  0 
@ 6568 13568 40300 0  0  0 
@ 40303 59392 738 0  0  0 
@ 49292 37888 50252 32768  0  0 
@ 56675 14336 17380 0  0  0 
@ 17380 62464 63762 0  0  0 
@ 31027 60416 63762 0  0  0 
@ 1592 51200 17380 0  0  0 
@ 53836 54272 17380 62976  0  0 
@ 4558 37888 40302 0  0  0 
@ 56212 1536 17382 0  0  0 
@ 4012 40192 40296 0  0  0 
@ 35433 59904 736 0  0  0 
@ 42479 39424 736 0  0  0 
@ 59345 64512 59346 0  0  0 
@ 53836 54272 17382 0  0  0 
@ 31027 59392 63760 0  0  0 
@ 15129 2560 40300 0  0  0 
@ 306 30720 40300 0  0  0 
@ 48882 37888 740 0  0  0 
@ 27785 37120 740 0  0  0 
@ 7343 55296 40296 0  0  0 
@ 33548 0 739 0  0  0 
@ 56212 0 57280 0  0  0 
@ 4724 45056 40302 0  0  0 
@ 6969 35840 6970 0  0  0 
@ 48546 20480 736 0  0  0 
@ 4012 38912 40300 0  0  0 
@ 25858 57344 63763 0  0  0 
@ 56212 1536 17376 0  0  0 
@ 61294 41984 17376 0  0  0 
@ 62994 64768 16896 0  0  0 
@ 1592 51456 1592 32768  0  0 
@ 38325 38144 739 0  0  0 
@ 57197 48640 40302 0  0  0 
@ 12452 11776 63763 0  0  0 
@ 36593 11776 40320 0  0  0 
@ 64080 39424 17380 0  0  0 
@ 19045 52736 63762 0  0  0 
@ 13216 55552 39936 0  0  0 
@ 37011 60416 63763 0  0  0 
@ 36313 32256 739 0  0  0 
@ 62994 65024 17381 0  0  0 
@ 17921 6144 63763 0  0  0 
@ 32516 13312 63763 0  0  0 
@ 24782 22016 739 0  0  0 
@ 4012 40448 40302 0  0  0 
@ 33873 3584 768 0  0  0 
@ 53596 41984 56064 0  0  0 
@ 17821 35328 63488 0  0  0 
@ 42479 38912 736 0  0  0 
@ 21561 51456 63760 0  0  0 
@ 63763 55296 16384 0  0  0 
@ 6969 34816 40448 0  0  0 
@ 20051 38912 63762 0  0  0 
@ 23262 8192 63762 0  0  0 
@ 8553 8192 8553 0  0  0 
@ 306 30720 40303 0  0  0 
@ 40303 60928 63764 0  0  0 
@ 39887 24576 63763 0  0  0 
@ 60219 29696 17381 0  0  0 
@ 53836 54272 17381 0  0  0 
@ 3090 28672 40302 0  0  0 
@ 59765 59392 40300 0  0  0 
@ 17821 35328 736 0  0  0 
@ 736 6656 40300 0  0  0 
@ 17380 62464 20224 0  0  0 
@ 53596 41984 17408 0  0  0 
@ 22266 27648 64000 0  0  0 
@ 6568 13824 40448 0  0  0 
@ 59345 65024 18432 0  0  0 
@ 15129 2048 36864 0  0  0 
@ 35433 59904 34816 0  0  0 
@ 27785 37376 64512 0  0  0 
@ 3090 29184 38912 0  0  0 
@ 58375 47104 16384 0  0  0 
@ 50625 35840 17382 0  0  0 
@ 17921 7168 63760 0  0  0 
@ 11017 50176 40300 0  0  0 
@ 23262 10240 23262 0  0  0 
@ 10311 4096 40296 0  0  0 
@ 64717 48640 20480 0  0  0 
@ 58375 48640 20480 0  0  0 
@ 3090 28672 40960 0  0  0 
@ 29360 31744 64512 0  0  0 
@ 17821 35328 57344 0  0  0 
@ 13746 8192 32768 0  0  0 
@ 55636 1024 53248 0  0  0 
@ 56675 16128 40960 0  0  0 
@ 8814 42752 40960 0  0  0 
@ 26272 52224 49152 0  0  0 
@ 42970 23040 8192 0  0  0 
@ 30581 47616 49152 0  0  0 
@ 40303 60416 0 0  0  0 
@ 43268 3328 0 0  0  0 
@ 65478 64512 16384 0  0  0 
@ 27785 37120 49152 0  0  0 
@ 31027 60416 57344 0  0  0 
@ 47838 45568 0 0  0  0 
@ 54976 19968 16384 0  0  0 
@ 2933 43008 32768 0  0  0 
@ 64717 48128 24576 0  0  0 
@ 17821 35840 49152 0  0  0 
@ 54976 19456 32768 0  0  0 
@ 14382 4608 32768 0  0  0 
@ 49831 63744 17152 0  0  0 
@ 1455 6144 32768 0  0  0 
@ 36593 11520 0 0  0  0 
@ 32033 46336 0 0  0  0 
@ 33548 1024 0 0  0  0 
@ 21561 51712 0 0  0  0 
@ 7343 55808 32768 0  0  0 
@ 65478 65024 17152 0  0  0 
@ 58375 47104 16384 0  0  0 
@ 53596 42880 16384 0  0  0 
@ 4558 37120 40448 0  0  0 
@ 64717 48128 0 0  0  0 
@ 52099 17408 0 0  0  0 
@ 27785 37888 63872 0  0  0 
@ 62738 55296 0 0  0  0 
@ 10311 4096 0 0  0  0 
@ 5902 43520 5120 0  0  0 
@ 52371 44032 17408 0  0  0 
@ 17921 6912 61440 0  0  0 
@ 35433 59392 4096 0  0  0 
@ 17821 35328 61440 0  0  0 
@ 4012 40448 18432 0  0  0 
@ 40303 59392 2048 0  0  0 
@ 51088 57856 32768 0  0  0 
@ 44595 23040 8192 0  0  0 
@ 57991 5120 16384 0  0  0 
@ 18879 59392 49152 0  0  0 
@ 15613 63488 32768 0  0  0 
@ 22963 53760 32768 0  0  0 
@ 8814 41984 40960 0  0  0 
@ 53836 54784 0 0  0  0 
@ 62738 55808 0 0  0  0 
@ 8814 41984 0 0  0  0 
@ 45802 20480 0 0  0  0 
@ 736 6656 0 0  0  0 
@ 22963 54272 32768 0  0  0 
@ 48882 36864 0 0  0  0 
@ 58375 45056 32768 0  0  0 
@ 32768 0 752 0  0  0 
@ 0 0 744 0  0  0 
@ 0 0 704 0  0  0 
@ 0 0 512 0  0  0 
@ 32768 0 768 0  0  0 
@ 47616 0 0 0  0  0 
@ 6656 0 32768 0  0  0 
@ 58368 0 0 0  0  0 
@ 32768 0 16384 0  0  0 
@ 12288 0 32768 0  0  0 
@ 9216 0 0 0  0  0 
@ 0 0 1024 0  0  0 
@ 0 0 740 0  0  0 
@ 0 0 63744 0  0  0 
@ 0 0 32768 0  0  0 
@ 58368 0 0 0  0  0 
@ 0 0 0 0  0  0 
@ 0 0 0 0  0  0 
@ 53504 0 0 0  0  0 
@ 0 0 0 0  0  0 
@ 6144 0 0 0  0  0 
@ 0 0 0 0  0  0 
